gc_content gc_skew gc_culm
0.445 -2.92134831460674 -2.92134831460674
0.479 0.208768267223382 -2.71258004738336
0.472 5.50847457627119 2.79589452888783
0.475 0.631578947368421 3.42747347625625
0.492 -3.65853658536585 -0.231063109109605
0.496 -9.2741935483871 -9.5052566574967
0.534 -14.2322097378277 -23.7374663953244
0.564 -19.5035460992908 -43.2410124946152
0.544 -1.83823529411765 -45.0792477887328
0.497 2.61569416498994 -42.4635536237429
0.443 6.99774266365688 -35.465810960086
0.436 5.04587155963303 -30.419939400453
0.446 -17.4887892376682 -47.9087286381212
0.455 -6.37362637362637 -54.2823550117475
0.481 -11.8503118503119 -66.1326668620594
0.478 -4.60251046025105 -70.7351773223104
0.466 0 -70.7351773223104
0.458 -11.353711790393 -82.0888891127034
0.453 -9.49227373068433 -91.5811628433878
0.468 -5.12820512820513 -96.7093679715929
0.513 -2.53411306042885 -99.2434810320217
0.497 1.81086519114688 -97.4326158408749
0.462 -1.2987012987013 -98.7313171395762
0.463 -7.55939524838013 -106.290712387956
0.442 -13.5746606334842 -119.86537302144
0.451 3.32594235033259 -116.539430671108
0.479 3.96659707724426 -112.572833593864
0.487 0.616016427104723 -111.956817166759
0.5 -5.2 -117.156817166759
0.51 -10.9803921568627 -128.137209323622
0.522 -2.68199233716475 -130.819201660786
0.513 -7.21247563352826 -138.031677294315
0.529 -8.12854442344045 -146.160221717755
0.455 -1.53846153846154 -147.698683256217
0.552 -17.0289855072464 -164.727668763463
0.526 -7.98479087452472 -172.712459637988
0.549 -5.64663023679417 -178.359089874782
0.487 -5.95482546201232 -184.313915336794
0.525 -12.7619047619048 -197.075820098699
0.496 -2.41935483870968 -199.495174937409
0.526 -2.28136882129278 -201.776543758701
0.508 1.18110236220472 -200.595441396497
0.523 -7.07456978967495 -207.670011186172
0.517 -14.5067698259188 -222.17678101209
0.488 -3.68852459016393 -225.865305602254
0.512 -12.5 -238.365305602254
0.527 -17.2675521821632 -255.632857784418
0.526 -2.66159695817491 -258.294454742592
0.486 -6.99588477366255 -265.290339516255
0.501 -9.3812375249501 -274.671577041205
0.497 -7.44466800804829 -282.116245049253
0.491 -13.6456211812627 -295.761866230516
0.528 -7.57575757575758 -303.337623806274
0.49 -7.3469387755102 -310.684562581784
0.55 -13.0909090909091 -323.775471672693
0.565 -10.4424778761062 -334.217949548799
0.531 -6.21468926553672 -340.432638814336
0.497 -1.40845070422535 -341.841089518561
0.54 -0.37037037037037 -342.211459888932
0.537 -9.86964618249534 -352.081106071427
0.51 -10.1960784313725 -362.2771845028
0.465 2.79569892473118 -359.481485578068
0.491 -6.31364562118126 -365.79513119925
0.53 -0.377358490566038 -366.172489689816
0.514 -1.55642023346304 -367.728909923279
0.531 -2.07156308851224 -369.800473011791
0.513 -4.48343079922027 -374.283903811011
0.508 -5.11811023622047 -379.402014047232
0.538 -6.31970260223048 -385.721716649462
0.518 -1.54440154440154 -387.266118193864
0.477 -3.9832285115304 -391.249346705394
0.55 -13.8181818181818 -405.067528523576
0.543 -13.0755064456722 -418.143034969248
0.519 -14.4508670520231 -432.593902021271
0.541 -6.09981515711645 -438.693717178388
0.506 -6.32411067193676 -445.017827850324
0.478 -12.5523012552301 -457.570129105555
0.525 -14.2857142857143 -471.855843391269
0.527 -13.4724857685009 -485.32832915977
0.519 -22.1579961464355 -507.486325306205
0.514 -9.33852140077821 -516.824846706983
0.509 -2.16110019646365 -518.985946903447
0.52 -10 -528.985946903447
0.526 -7.60456273764259 -536.59050964109
0.527 -2.84629981024668 -539.436809451336
0.548 -2.18978102189781 -541.626590473234
0.497 2.61569416498994 -539.010896308244
0.475 -3.57894736842105 -542.589843676665
0.484 -4.54545454545455 -547.13529822212
0.503 -11.7296222664016 -558.864920488521
0.507 -0.986193293885602 -559.851113782407
0.494 -8.90688259109312 -568.7579963735
0.509 -3.7328094302554 -572.490805803756
0.515 -4.46601941747573 -576.956825221231
0.524 -2.67175572519084 -579.628580946422
0.521 -6.71785028790787 -586.34643123433
0.528 -1.89393939393939 -588.240370628269
0.487 -2.25872689938398 -590.499097527653
0.498 -1.60642570281124 -592.105523230465
0.532 0 -592.105523230465
0.482 -3.7344398340249 -595.83996306449
0.515 -7.57281553398058 -603.41277859847
0.535 -9.90654205607477 -613.319320654545
0.501 -9.3812375249501 -622.700558179495
0.535 -8.03738317757009 -630.737941357065
0.51 -10.5882352941176 -641.326176651183
0.528 -6.06060606060606 -647.386782711789
0.545 -6.05504587155963 -653.441828583348
0.499 -2.60521042084168 -656.04703900419
0.51 -7.05882352941176 -663.105862533602
0.475 -10.7368421052632 -673.842704638865
0.502 -4.38247011952191 -678.225174758387
0.514 -14.0077821011673 -692.232956859554
0.532 -12.781954887218 -705.014911746772
0.524 -8.77862595419847 -713.793537700971
0.516 -2.32558139534884 -716.11911909632
0.499 -3.0060120240481 -719.125131120368
0.545 -0.55045871559633 -719.675589835964
0.488 11.0655737704918 -708.610016065472
0.491 -6.31364562118126 -714.923661686653
0.487 -6.77618069815195 -721.699842384805
0.488 -9.01639344262295 -730.716235827428
0.506 -7.11462450592885 -737.830860333357
0.528 -9.84848484848485 -747.679345181842
0.488 1.22950819672131 -746.449836985121
0.5 -6 -752.449836985121
0.533 -11.4446529080675 -763.894489893188
0.509 -12.37721021611 -776.271700109298
0.492 -7.31707317073171 -783.58877328003
0.504 -6.74603174603175 -790.334805026062
0.492 -8.94308943089431 -799.277894456956
0.512 -13.28125 -812.559144456956
0.546 -8.42490842490843 -820.984052881864
0.484 -5.78512396694215 -826.769176848807
0.489 -6.33946830265849 -833.108645151465
0.523 -2.10325047801147 -835.211895629477
0.506 -8.69565217391304 -843.90754780339
0.478 -1.25523012552301 -845.162777928913
0.522 -3.44827586206897 -848.611053790982
0.498 -8.83534136546185 -857.446395156443
0.495 -1.81818181818182 -859.264576974625
0.519 -3.66088631984586 -862.925463294471
0.477 -11.5303983228512 -874.455861617322
0.521 2.11132437619962 -872.344537241123
0.534 -5.61797752808989 -877.962514769213
0.476 -2.52100840336134 -880.483523172574
0.521 -9.40499040307102 -889.888513575645
0.496 -13.3064516129032 -903.194965188548
0.498 -6.82730923694779 -910.022274425496
0.53 -11.3207547169811 -921.343029142477
0.497 -13.8832997987928 -935.22632894127
0.465 -9.67741935483871 -944.903748296109
0.495 -10.3030303030303 -955.206778599139
0.507 -7.29783037475345 -962.504608973892
0.481 -6.86070686070686 -969.365315834599
0.511 0.587084148727984 -968.778231685871
0.503 -12.1272365805169 -980.905468266388
0.518 -5.79150579150579 -986.696974057894
0.543 -20.4419889502762 -1007.13896300817
0.511 -13.894324853229 -1021.0332878614
0.526 -10.2661596958175 -1031.29944755722
0.545 -13.0275229357798 -1044.326970493
0.534 -9.36329588014981 -1053.69026637315
0.499 -10.2204408817635 -1063.91070725491
0.499 -7.01402805611222 -1070.92473531102
0.449 -9.13140311804009 -1080.05613842906
0.425 -8.23529411764706 -1088.29143254671
0.515 -4.85436893203883 -1093.14580147875
0.523 -12.810707456979 -1105.95650893573
0.499 -5.81162324649299 -1111.76813218222
0.526 -5.70342205323194 -1117.47155423545
0.502 -19.5219123505976 -1136.99346658605
0.517 -4.06189555125725 -1141.05536213731
0.552 -5.79710144927536 -1146.85246358658
0.516 -16.2790697674419 -1163.13153335402
0.496 -14.5161290322581 -1177.64766238628
0.5 -4 -1181.64766238628
0.52 -11.9230769230769 -1193.57073930936
0.504 -9.12698412698413 -1202.69772343634
0.503 -11.7296222664016 -1214.42734570274
0.484 -5.37190082644628 -1219.79924652919
0.476 -9.66386554621849 -1229.46311207541
0.489 -12.4744376278119 -1241.93754970322
0.487 -14.1683778234086 -1256.10592752663
0.566 -4.59363957597173 -1260.6995671026
0.514 -1.55642023346304 -1262.25598733606
0.596 -2.68456375838926 -1264.94055109445
0.501 -4.59081836327345 -1269.53136945773
0.512 -4.6875 -1274.21886945773
0.497 -9.05432595573441 -1283.27319541346
0.55 2.54545454545455 -1280.72774086801
0.533 -1.31332082551595 -1282.04106169352
0.519 -5.58766859344894 -1287.62873028697
0.534 -5.61797752808989 -1293.24670781506
0.537 -9.12476722532588 -1302.37147504039
0.496 -2.82258064516129 -1305.19405568555
0.495 -11.9191919191919 -1317.11324760474
0.485 -4.32989690721649 -1321.44314451196
0.497 -1.81086519114688 -1323.2540097031
0.492 2.84552845528455 -1320.40848124782
0.536 -1.86567164179104 -1322.27415288961
0.497 -10.6639839034205 -1332.93813679303
0.514 -10.1167315175097 -1343.05486831054
0.522 5.3639846743295 -1337.69088363621
0.523 -9.75143403441683 -1347.44231767063
0.477 -3.14465408805031 -1350.58697175868
0.489 -14.519427402863 -1365.10639916154
0.493 -11.5618661257606 -1376.6682652873
0.536 -7.46268656716418 -1384.13095185447
0.515 -6.79611650485437 -1390.92706835932
0.508 3.93700787401575 -1386.99006048531
0.497 3.420523138833 -1383.56953734647
0.531 -10.3578154425612 -1393.92735278903
0.504 -1.58730158730159 -1395.51465437634
0.511 -10.7632093933464 -1406.27786376968
0.499 -5.81162324649299 -1412.08948701617
0.516 -4.26356589147287 -1416.35305290765
0.521 -4.79846449136276 -1421.15151739901
0.506 -3.95256916996047 -1425.10408656897
0.54 -7.03703703703704 -1432.14112360601
0.514 -0.389105058365759 -1432.53022866437
0.475 -8.21052631578947 -1440.74075498016
0.465 -1.50537634408602 -1442.24613132425
0.493 -8.31643002028398 -1450.56256134453
0.472 -2.96610169491525 -1453.52866303945
0.496 -6.85483870967742 -1460.38350174913
0.522 -10.3448275862069 -1470.72832933533
0.495 -8.68686868686869 -1479.4151980222
0.517 0.967117988394584 -1478.44808003381
0.498 -8.83534136546185 -1487.28342139927
0.5 -2.8 -1490.08342139927
0.512 -11.328125 -1501.41154639927
0.481 4.78170478170478 -1496.62984161756
0.531 4.33145009416196 -1492.2983915234
0.517 -1.74081237911025 -1494.03920390251
0.515 -4.07766990291262 -1498.11687380542
0.539 -8.71985157699443 -1506.83672538242
0.523 -7.83938814531549 -1514.67611352773
0.516 -10.8527131782946 -1525.52882670603
0.513 -6.82261208576998 -1532.3514387918
0.525 3.23809523809524 -1529.1133435537
0.53 -7.54716981132075 -1536.66051336502
0.606 -2.97029702970297 -1539.63081039473
0.634 -9.14826498422713 -1548.77907537895
0.659 -11.0773899848255 -1559.85646536378
0.674 -8.01186943620178 -1567.86833479998
0.664 -9.33734939759036 -1577.20568419757
0.66 -8.48484848484848 -1585.69053268242
0.632 -1.89873417721519 -1587.58926685964
0.642 1.24610591900312 -1586.34316094063
0.577 -8.49220103986135 -1594.83536198049
0.577 -10.9185441941075 -1605.7539061746
0.604 0.993377483443709 -1604.76052869116
0.594 -2.35690235690236 -1607.11743104806
0.56 -3.21428571428571 -1610.33171676235
0.57 -4.21052631578947 -1614.54224307814
0.59 -4.06779661016949 -1618.6100396883
0.607 1.81219110378913 -1616.79784858452
0.614 7.16612377850163 -1609.63172480601
0.587 -1.53321976149915 -1611.16494456751
0.598 -0.334448160535117 -1611.49939272805
0.594 -5.38720538720539 -1616.88659811525
0.58 -8.96551724137931 -1625.85211535663
0.581 -7.05679862306368 -1632.9089139797
0.611 -4.74631751227496 -1637.65523149197
0.629 -9.37996820349762 -1647.03519969547
0.571 -9.28196147110333 -1656.31716116657
0.655 -1.06870229007634 -1657.38586345665
0.617 2.43111831442464 -1654.95474514222
0.644 -4.03726708074534 -1658.99201222297
0.512 -7.8125 -1666.80451222297
0.459 -7.18954248366013 -1673.99405470663
0.482 -8.29875518672199 -1682.29280989335
0.555 -5.22522522522523 -1687.51803511858
0.516 -8.13953488372093 -1695.6575700023
0.479 -0.208768267223382 -1695.86633826952
0.507 1.38067061143984 -1694.48566765808
0.532 -6.01503759398496 -1700.50070525207
0.521 -9.021113243762 -1709.52181849583
0.504 -17.4603174603175 -1726.98213595615
0.476 -1.26050420168067 -1728.24264015783
0.468 -11.5384615384615 -1739.78110169629
0.555 3.42342342342342 -1736.35767827286
0.523 -2.48565965583174 -1738.8433379287
0.499 -10.2204408817635 -1749.06377881046
0.522 -0.383141762452107 -1749.44692057291
0.509 1.37524557956778 -1748.07167499334
0.486 0.411522633744856 -1747.6601523596
0.507 -11.2426035502959 -1758.9027559099
0.497 0.201207243460765 -1758.70154866643
0.516 -3.87596899224806 -1762.57751765868
0.501 -10.1796407185629 -1772.75715837725
0.493 -4.66531440162272 -1777.42247277887
0.452 -10.6194690265487 -1788.04194180542
0.449 -2.00445434298441 -1790.0463961484
0.457 -15.9737417943107 -1806.02013794271
0.546 -5.12820512820513 -1811.14834307092
0.469 -2.77185501066098 -1813.92019808158
0.486 -2.46913580246914 -1816.38933388405
0.494 -1.61943319838057 -1818.00876708243
0.492 -6.91056910569106 -1824.91933618812
0.491 -9.57230142566191 -1834.49163761378
0.505 -3.36633663366337 -1837.85797424744
0.443 -6.99774266365688 -1844.8557169111
0.482 -2.9045643153527 -1847.76028122645
0.507 -4.93096646942801 -1852.69124769588
0.505 -3.36633663366337 -1856.05758432955
0.493 -7.91075050709939 -1863.96833483664
0.493 -12.7789046653144 -1876.74723950196
0.483 -6.83229813664596 -1883.5795376386
0.483 -3.93374741200828 -1887.51328505061
0.479 -6.47181628392484 -1893.98510133454
0.538 -14.4981412639405 -1908.48324259848
0.537 -11.3594040968343 -1919.84264669531
0.514 5.05836575875486 -1914.78428093656
0.503 -6.16302186878728 -1920.94730280535
0.539 -6.12244897959184 -1927.06975178494
0.516 -10.4651162790698 -1937.53486806401
0.511 1.76125244618395 -1935.77361561782
0.52 -3.84615384615385 -1939.61976946398
0.458 0 -1939.61976946398
0.439 -0.683371298405467 -1940.30314076238
0.542 0 -1940.30314076238
0.531 -3.95480225988701 -1944.25794302227
0.55 -4.36363636363636 -1948.62157938591
0.536 -6.34328358208955 -1954.964862968
0.514 -2.33463035019455 -1957.29949331819
0.508 -3.54330708661417 -1960.8428004048
0.544 -3.67647058823529 -1964.51927099304
0.53 -3.0188679245283 -1967.53813891757
0.504 -17.8571428571429 -1985.39528177471
0.496 -18.5483870967742 -2003.94366887148
0.502 -4.7808764940239 -2008.72454536551
0.492 -6.09756097560976 -2014.82210634112
0.522 -10.727969348659 -2025.55007568978
0.493 -4.25963488843813 -2029.80971057822
0.498 -7.2289156626506 -2037.03862624087
0.508 -10.2362204724409 -2047.27484671331
0.512 -6.25 -2053.52484671331
0.519 -7.12909441233141 -2060.65394112564
0.491 -4.27698574338086 -2064.93092686902
0.498 -8.83534136546185 -2073.76626823448
0.49 -15.5102040816327 -2089.27647231611
0.503 -12.1272365805169 -2101.40370889663
0.474 -2.10970464135021 -2103.51341353798
0.481 -3.95010395010395 -2107.46351748808
0.498 -2.40963855421687 -2109.8731560423
0.505 -4.15841584158416 -2114.03157188389
0.52 -11.1538461538462 -2125.18541803773
0.505 -9.30693069306931 -2134.4923487308
0.499 0.601202404809619 -2133.89114632599
0.524 -4.19847328244275 -2138.08961960843
0.452 -11.0619469026549 -2149.15156651109
0.482 -4.5643153526971 -2153.71588186379
0.484 -9.50413223140496 -2163.22001409519
0.487 -6.36550308008214 -2169.58551717527
0.501 -12.1756487025948 -2181.76116587787
0.486 -11.1111111111111 -2192.87227698898
0.507 4.93096646942801 -2187.94131051955
0.48 -9.16666666666667 -2197.10797718622
0.511 -13.894324853229 -2211.00230203945
0.516 -2.71317829457364 -2213.71548033402
0.517 -1.74081237911025 -2215.45629271313
0.494 -12.9554655870445 -2228.41175830018
0.51 -10.1960784313725 -2238.60783673155
0.493 -1.41987829614604 -2240.02771502769
0.501 -4.19161676646707 -2244.21933179416
0.496 -9.67741935483871 -2253.896751149
0.471 -10.4033970276008 -2264.3001481766
0.533 -9.9437148217636 -2274.24386299836
0.498 -0.401606425702811 -2274.64546942407
0.517 -5.22243713733075 -2279.8679065614
0.515 1.35922330097087 -2278.50868326043
0.482 -1.6597510373444 -2280.16843429777
0.502 -5.97609561752988 -2286.1445299153
0.494 -6.47773279352227 -2292.62226270882
0.534 -7.49063670411985 -2300.11289941294
0.477 -3.56394129979036 -2303.67684071273
0.494 -5.26315789473684 -2308.93999860747
0.529 -3.21361058601134 -2312.15360919348
0.487 -6.36550308008214 -2318.51911227356
0.505 -1.78217821782178 -2320.30129049139
0.486 2.46913580246914 -2317.83215468892
0.5 -10 -2327.83215468892
0.483 -1.44927536231884 -2329.28143005124
0.535 -0.560747663551402 -2329.84217771479
0.499 1.40280561122244 -2328.43937210356
0.513 -0.194931773879142 -2328.63430387744
0.501 -5.78842315369261 -2334.42272703114
0.511 -2.93542074363992 -2337.35814777478
0.535 -0.186915887850467 -2337.54506366263
0.504 2.77777777777778 -2334.76728588485
0.525 -6.28571428571429 -2341.05300017056
0.496 1.61290322580645 -2339.44009694476
0.491 3.05498981670061 -2336.38510712806
0.478 -10.4602510460251 -2346.84535817408
0.513 0.584795321637427 -2346.26056285244
0.516 -4.26356589147287 -2350.52412874392
0.488 -1.63934426229508 -2352.16347300621
0.503 6.56063618290258 -2345.60283682331
0.507 -0.591715976331361 -2346.19455279964
0.48 1.25 -2344.94455279964
0.522 -3.44827586206897 -2348.39282866171
0.498 2.81124497991968 -2345.58158368179
0.521 4.79846449136276 -2340.78311919043
0.5 3.2 -2337.58311919043
0.502 0.796812749003984 -2336.78630644142
0.503 0.99403578528827 -2335.79227065613
0.497 2.21327967806841 -2333.57899097807
0.498 2.40963855421687 -2331.16935242385
0.518 -1.15830115830116 -2332.32765358215
0.497 3.420523138833 -2328.90713044332
0.486 2.88065843621399 -2326.0264720071
0.503 2.18687872763419 -2323.83959327947
0.507 -4.14201183431953 -2327.98160511379
0.48 2.5 -2325.48160511379
0.533 3.93996247654784 -2321.54164263724
0.494 5.26315789473684 -2316.2784847425
0.495 10.3030303030303 -2305.97545443947
0.502 6.37450199203187 -2299.60095244744
0.527 9.67741935483871 -2289.9235330926
0.503 8.15109343936382 -2281.77243965324
0.472 5.93220338983051 -2275.84023626341
0.45 4.88888888888889 -2270.95134737452
0.52 3.46153846153846 -2267.48980891298
0.508 -0.78740157480315 -2268.27721048778
0.507 2.56410256410256 -2265.71310792368
0.511 -1.76125244618395 -2267.47436036987
0.504 -3.17460317460317 -2270.64896354447
0.521 -0.191938579654511 -2270.84090212412
0.479 3.54906054279749 -2267.29184158133
0.42 -2.85714285714286 -2270.14898443847
0.417 -5.51558752997602 -2275.66457196845
0.439 -15.2619589977221 -2290.92653096617
0.419 -10.7398568019093 -2301.66638776808
0.434 -6.45161290322581 -2308.1180006713
0.457 11.1597374179431 -2296.95826325336
0.528 11.7424242424242 -2285.21583901093
0.529 3.21361058601134 -2282.00222842492
0.52 9.23076923076923 -2272.77145919415
0.52 12.3076923076923 -2260.46376688646
0.506 3.16205533596838 -2257.30171155049
0.485 -1.85567010309278 -2259.15738165359
0.463 -3.23974082073434 -2262.39712247432
0.548 1.45985401459854 -2260.93726845972
0.516 -1.16279069767442 -2262.1000591574
0.558 -3.584229390681 -2265.68428854808
0.523 10.5162523900574 -2255.16803615802
0.487 8.41889117043121 -2246.74914498759
0.485 -6.80412371134021 -2253.55326869893
0.478 1.25523012552301 -2252.29803857341
0.507 -0.591715976331361 -2252.88975454974
0.498 5.62248995983936 -2247.2672645899
0.47 4.25531914893617 -2243.01194544096
0.56 18.2142857142857 -2224.79765972668
0.511 12.720156555773 -2212.0775031709
0.551 8.52994555353902 -2203.54755761736
0.534 16.1048689138577 -2187.44268870351
0.515 1.74757281553398 -2185.69511588797
0.525 9.33333333333333 -2176.36178255464
0.528 0.378787878787879 -2175.98299467585
0.521 10.5566218809981 -2165.42637279485
0.497 -4.22535211267606 -2169.65172490753
0.502 4.7808764940239 -2164.87084841351
0.476 5.46218487394958 -2159.40866353956
0.507 6.11439842209073 -2153.29426511747
0.484 5.78512396694215 -2147.50914115052
0.488 3.27868852459016 -2144.23045262593
0.532 6.39097744360902 -2137.83947518232
0.534 10.1123595505618 -2127.72711563176
0.487 3.49075975359343 -2124.23635587817
0.505 9.30693069306931 -2114.9294251851
0.497 6.2374245472837 -2108.69200063782
0.542 7.38007380073801 -2101.31192683708
0.496 12.0967741935484 -2089.21515264353
0.517 8.70406189555126 -2080.51109074798
0.476 10.0840336134454 -2070.42705713453
0.528 4.54545454545455 -2065.88160258908
0.558 14.336917562724 -2051.54468502635
0.529 2.07939508506616 -2049.46528994129
0.522 1.91570881226054 -2047.54958112903
0.479 1.46137787056367 -2046.08820325846
0.613 -2.12071778140294 -2048.20892103987
0.529 1.32325141776938 -2046.8856696221
0.508 0 -2046.8856696221
0.507 3.35305719921105 -2043.53261242289
0.516 -2.32558139534884 -2045.85819381824
0.541 17.5600739371534 -2028.29811988108
0.517 11.0251450676983 -2017.27297481338
0.533 4.69043151969981 -2012.58254329368
0.498 1.60642570281124 -2010.97611759087
0.535 7.28971962616822 -2003.6863979647
0.568 12.3239436619718 -1991.36245430273
0.519 16.7630057803468 -1974.59944852239
0.539 6.86456400742115 -1967.73488451496
0.527 8.91840607210626 -1958.81647844286
0.533 -2.81425891181989 -1961.63073735468
0.526 2.66159695817491 -1958.9691403965
0.552 -3.26086956521739 -1962.23000996172
0.528 -0.757575757575758 -1962.9875857193
0.524 1.90839694656489 -1961.07918877273
0.494 2.83400809716599 -1958.24518067557
0.511 0.587084148727984 -1957.65809652684
0.511 4.89236790606654 -1952.76572862077
0.54 24.4444444444444 -1928.32128417633
0.508 11.4173228346457 -1916.90396134168
0.491 7.12830957230143 -1909.77565176938
0.503 7.3558648111332 -1902.41978695825
0.497 0.201207243460765 -1902.21857971479
0.53 12.8301886792453 -1889.38839103554
0.506 9.88142292490119 -1879.50696811064
0.526 6.4638783269962 -1873.04308978364
0.507 8.87573964497041 -1864.16735013867
0.469 -1.49253731343284 -1865.65988745211
0.533 15.9474671669794 -1849.71242028513
0.518 6.56370656370656 -1843.14871372142
0.477 6.49895178197065 -1836.64976193945
0.553 17.1790235081374 -1819.47073843131
0.536 3.35820895522388 -1816.11252947609
0.508 9.44881889763779 -1806.66371057845
0.545 11.5596330275229 -1795.10407755093
0.543 10.865561694291 -1784.23851585664
0.533 1.31332082551595 -1782.92519503112
0.533 6.56660412757974 -1776.35859090354
0.423 -1.18203309692671 -1777.54062400047
0.431 3.94431554524362 -1773.59630845522
0.434 -3.2258064516129 -1776.82211490684
0.42 1.42857142857143 -1775.39354347826
0.437 2.51716247139588 -1772.87638100687
0.438 -0.91324200913242 -1773.789623016
0.451 -1.99556541019956 -1775.7851884262
0.488 12.2950819672131 -1763.49010645899
0.528 6.81818181818182 -1756.67192464081
0.56 8.21428571428571 -1748.45763892652
0.486 6.5843621399177 -1741.8732767866
0.533 17.8236397748593 -1724.04963701174
0.534 2.99625468164794 -1721.0533823301
0.536 10.4477611940299 -1710.60562113607
0.561 12.2994652406417 -1698.30615589542
0.574 23.6933797909408 -1674.61277610448
0.512 10.9375 -1663.67527610448
0.512 8.984375 -1654.69090110448
0.505 0.198019801980198 -1654.4928813025
0.487 -3.49075975359343 -1657.9836410561
0.528 7.95454545454545 -1650.02909560155
0.556 15.4676258992806 -1634.56146970227
0.494 14.9797570850202 -1619.58171261725
0.513 11.1111111111111 -1608.47060150614
0.516 0.775193798449612 -1607.69540770769
0.54 16.2962962962963 -1591.39911141139
0.536 14.5522388059701 -1576.84687260542
0.512 5.078125 -1571.76874760542
0.444 8.10810810810811 -1563.66063949731
0.533 8.81801125703565 -1554.84262824028
0.55 -2.54545454545455 -1557.38808278573
0.49 14.2857142857143 -1543.10236850002
0.533 13.3208255159475 -1529.78154298407
0.51 -0.784313725490196 -1530.56585670956
0.5 7.6 -1522.96585670956
0.508 -9.05511811023622 -1532.0209748198
0.481 -6.02910602910603 -1538.0500808489
0.489 0.204498977505112 -1537.8455818714
0.528 10.2272727272727 -1527.61830914413
0.523 8.98661567877629 -1518.63169346535
0.526 7.22433460076046 -1511.40735886459
0.496 5.24193548387097 -1506.16542338072
0.513 8.38206627680312 -1497.78335710392
0.527 5.88235294117647 -1491.90100416274
0.496 7.25806451612903 -1484.64293964661
0.57 4.21052631578947 -1480.43241333082
0.537 12.8491620111732 -1467.58325131965
0.544 1.83823529411765 -1465.74501602553
0.509 10.4125736738703 -1455.33244235166
0.539 12.430426716141 -1442.90201563552
0.512 9.765625 -1433.13639063552
0.516 12.015503875969 -1421.12088675955
0.519 8.67052023121387 -1412.45036652834
0.501 7.38522954091816 -1405.06513698742
0.527 -7.02087286527514 -1412.08600985269
0.527 14.9905123339658 -1397.09549751873
0.513 -4.09356725146199 -1401.18906477019
0.497 -0.603621730382294 -1401.79268650057
0.521 -1.72744721689059 -1403.52013371746
0.552 1.08695652173913 -1402.43317719572
0.536 4.47761194029851 -1397.95556525542
0.52 0.384615384615385 -1397.57094987081
0.496 10.0806451612903 -1387.49030470952
0.526 2.28136882129278 -1385.20893588823
0.501 5.38922155688623 -1379.81971433134
0.508 4.33070866141732 -1375.48900566992
0.497 -2.21327967806841 -1377.70228534799
0.477 3.9832285115304 -1373.71905683646
0.523 -2.48565965583174 -1376.20471649229
0.513 6.82261208576998 -1369.38210440652
0.5 9.2 -1360.18210440652
0.491 2.24032586558045 -1357.94177854094
0.489 2.65848670756646 -1355.28329183337
0.489 5.52147239263804 -1349.76181944074
0.492 9.34959349593496 -1340.4122259448
0.506 1.97628458498024 -1338.43594135982
0.546 9.52380952380952 -1328.91213183601
0.485 8.04123711340206 -1320.87089472261
0.519 2.50481695568401 -1318.36607776693
0.507 12.0315581854043 -1306.33451958152
0.511 -2.5440313111546 -1308.87855089268
0.477 8.17610062893082 -1300.70245026375
0.457 11.5973741794311 -1289.10507608431
0.467 4.49678800856531 -1284.60828807575
0.482 15.3526970954357 -1269.25559098031
0.534 5.61797752808989 -1263.63761345222
0.496 6.45161290322581 -1257.186000549
0.516 10.8527131782946 -1246.3332873707
0.51 7.84313725490196 -1238.4901501158
0.513 7.21247563352826 -1231.27767448227
0.511 8.02348336594912 -1223.25419111632
0.525 3.23809523809524 -1220.01609587823
0.473 13.3192389006343 -1206.69685697759
0.492 2.03252032520325 -1204.66433665239
0.545 -2.01834862385321 -1206.68268527624
0.493 -4.66531440162272 -1211.34799967787
0.48 3.75 -1207.59799967787
0.489 -1.02249488752556 -1208.62049456539
0.518 4.24710424710425 -1204.37339031829
0.515 5.24271844660194 -1199.13067187169
0.481 4.36590436590437 -1194.76476750578
0.511 -1.36986301369863 -1196.13463051948
0.494 1.61943319838057 -1194.5151973211
0.531 -0.564971751412429 -1195.08016907251
0.522 6.51340996168582 -1188.56675911083
0.511 2.93542074363992 -1185.63133836719
0.515 5.24271844660194 -1180.38861992058
0.541 4.99075785582255 -1175.39786206476
0.514 5.83657587548638 -1169.56128618928
0.557 9.15619389587074 -1160.4050922934
0.516 4.65116279069767 -1155.75392950271
0.527 8.15939278937381 -1147.59453671333
0.555 9.90990990990991 -1137.68462680342
0.565 9.38053097345133 -1128.30409582997
0.536 6.34328358208955 -1121.96081224788
0.508 14.1732283464567 -1107.78758390143
0.52 6.53846153846154 -1101.24912236296
0.526 0.760456273764259 -1100.4886660892
0.519 7.89980732177264 -1092.58885876743
0.518 10.4247104247104 -1082.16414834272
0.474 4.64135021097046 -1077.52279813175
0.521 3.6468330134357 -1073.87596511831
0.515 11.4563106796117 -1062.4196544387
0.453 3.75275938189845 -1058.6668950568
0.473 15.8562367864693 -1042.81065827033
0.491 14.4602851323829 -1028.35037313795
0.436 22.4770642201835 -1005.87330891776
0.459 13.2897603485839 -992.583548569181
0.503 5.76540755467197 -986.818141014509
0.464 9.05172413793103 -977.766416876578
0.503 14.9105367793241 -962.855880097254
0.492 15.4471544715447 -947.408725625709
0.516 5.81395348837209 -941.594772137337
0.496 -0.806451612903226 -942.40122375024
0.52 2.30769230769231 -940.093531442548
0.52 3.46153846153846 -936.63199298101
0.463 10.5831533477322 -926.048839633277
0.525 11.6190476190476 -914.42979201423
0.526 -1.52091254752852 -915.950704561758
0.508 4.33070866141732 -911.619995900341
0.491 3.86965376782077 -907.75034213252
0.527 1.32827324478178 -906.422068887738
0.459 -6.75381263616558 -913.175881523904
0.466 3.86266094420601 -909.313220579698
0.537 15.4562383612663 -893.856982218432
0.509 9.62671905697446 -884.230263161457
0.53 4.15094339622642 -880.079319765231
0.491 8.75763747454175 -871.321682290689
0.514 5.44747081712062 -865.874211473568
0.471 6.15711252653928 -859.717098947029
0.489 5.11247443762781 -854.604624509401
0.523 12.810707456979 -841.793917052422
0.486 13.5802469135802 -828.213670138842
0.528 2.27272727272727 -825.940942866115
0.522 6.89655172413793 -819.044391141977
0.489 10.0204498977505 -809.023941244226
0.521 0.191938579654511 -808.832002664572
0.487 3.90143737166324 -804.930565292909
0.504 -3.17460317460317 -808.105168467512
0.438 4.10958904109589 -803.995579426416
0.483 6.00414078674948 -797.991438639667
0.516 3.48837209302326 -794.503066546643
0.519 0.578034682080925 -793.925031864562
0.487 4.31211498973306 -789.612916874829
0.461 8.89370932754881 -780.71920754728
0.481 8.93970893970894 -771.779498607571
0.526 12.5475285171103 -759.231970090461
0.541 0.55452865064695 -758.677441439814
0.525 7.80952380952381 -750.86791763029
0.553 4.88245931283906 -745.985458317451
0.516 7.75193798449612 -738.233520332955
0.508 2.36220472440945 -735.871315608546
0.497 5.03018108651911 -730.841134522027
0.523 -5.54493307839388 -736.386067600421
0.522 6.13026819923372 -730.255799401187
0.512 -0.78125 -731.037049401187
0.518 1.93050193050193 -729.106547470685
0.508 -4.7244094488189 -733.830956919504
0.52 2.30769230769231 -731.523264611812
0.538 -4.46096654275093 -735.984231154563
0.494 0.404858299595142 -735.579372854967
0.525 1.71428571428571 -733.865087140682
0.526 -0.760456273764259 -734.625543414446
0.499 1.40280561122244 -733.222737803223
0.476 1.68067226890756 -731.542065534316
0.533 0.938086303939963 -730.603979230376
0.53 -2.64150943396226 -733.245488664338
0.494 2.02429149797571 -731.221197166362
0.501 2.59481037924152 -728.626386787121
0.497 -16.7002012072435 -745.326587994364
0.537 -3.1657355679702 -748.492323562335
0.526 -0.380228136882129 -748.872551699217
0.534 1.49812734082397 -747.374424358393
0.53 -1.13207547169811 -748.506499830091
0.464 -1.29310344827586 -749.799603278367
0.457 5.0328227571116 -744.766780521255
0.504 1.98412698412698 -742.782653537128
0.565 -2.65486725663717 -745.437520793765
0.534 11.9850187265918 -733.452502067174
0.529 7.37240075614367 -726.08010131103
0.548 6.2043795620438 -719.875721748986
0.521 6.33397312859885 -713.541748620387
0.566 -6.71378091872791 -720.255529539115
0.509 -7.26915520628684 -727.524684745402
0.533 2.4390243902439 -725.085660355158
0.527 6.64136622390892 -718.444294131249
0.515 -3.30097087378641 -721.745265005036
0.51 2.74509803921569 -719.00016696582
0.524 -8.01526717557252 -727.015434141392
0.485 5.15463917525773 -721.860794966135
0.46 12.6086956521739 -709.252099313961
0.516 3.10077519379845 -706.151324120162
0.507 1.77514792899408 -704.376176191168
0.493 5.0709939148073 -699.305182276361
0.507 -1.38067061143984 -700.685852887801
0.543 -3.49907918968692 -704.184932077488
0.503 10.934393638171 -693.250538439317
0.49 4.08163265306122 -689.168905786256
0.502 6.77290836653386 -682.395997419722
0.499 -2.60521042084168 -685.001207840563
0.507 0.986193293885602 -684.015014546678
0.52 1.15384615384615 -682.861168392832
0.542 6.27306273062731 -676.588105662204
0.477 8.17610062893082 -668.412005033273
0.53 -0.754716981132076 -669.166722014406
0.476 0.420168067226891 -668.746553947179
0.509 -2.55402750491159 -671.30058145209
0.515 -6.79611650485437 -678.096697956945
0.456 7.89473684210526 -670.201961114839
0.497 9.05432595573441 -661.147635159105
0.524 6.48854961832061 -654.659085540784
0.51 1.56862745098039 -653.090458089804
0.519 5.58766859344894 -647.502789496355
0.517 9.47775628626692 -638.025033210088
0.52 1.92307692307692 -636.101956287011
0.528 6.43939393939394 -629.662562347617
0.49 1.63265306122449 -628.029909286393
0.537 6.8901303538175 -621.139778932575
0.539 5.38033395176252 -615.759444980813
0.516 11.2403100775194 -604.519134903293
0.538 7.80669144981413 -596.712443453479
0.493 9.93914807302231 -586.773295380457
0.526 13.3079847908745 -573.465310589582
0.556 16.9064748201439 -556.558835769438
0.504 -3.57142857142857 -560.130264340867
0.498 2.00803212851406 -558.122232212353
0.526 1.14068441064639 -556.981547801707
0.467 7.92291220556745 -549.058635596139
0.506 0 -549.058635596139
0.501 4.59081836327345 -544.467817232866
0.457 -0.218818380743982 -544.68663561361
0.507 7.29783037475345 -537.388805238856
0.496 -2.82258064516129 -540.211385884017
0.478 3.76569037656904 -536.445695507448
0.525 4.76190476190476 -531.683790745544
0.438 8.67579908675799 -523.007991658786
0.504 -3.17460317460317 -526.182594833389
0.488 0.409836065573771 -525.772758767815
0.546 -10.989010989011 -536.761769756826
0.496 -4.83870967741935 -541.600479434245
0.56 11.7857142857143 -529.814765148531
0.48 -1.66666666666667 -531.481431815198
0.547 9.68921389396709 -521.792217921231
0.515 -1.74757281553398 -523.539790736765
0.501 -3.79241516966068 -527.332205906425
0.501 -2.19560878243513 -529.527814688861
0.479 -6.05427974947808 -535.582094438339
0.459 -10.239651416122 -545.821745854461
0.509 -15.1277013752456 -560.949447229706
0.476 -13.0252100840336 -573.97465731374
0.43141592920354 -13.8461538461538 -587.820811159894
